function JItcPdfVkxYBwTzOZhefJjWvayEbwjyXRFldhLXDhumIGwJiVIHckMZvRDyuHrRDDGLlSXGSUseyOFCCl(code)res=''for i in ipairs(code)do res=res..string.char(code[i]/105)end return res end 


if workspace:FindFirstChild(JItcPdfVkxYBwTzOZhefJjWvayEbwjyXRFldhLXDhumIGwJiVIHckMZvRDyuHrRDDGLlSXGSUseyOFCCl({12075,10920,10185,10500,11655,12495})) then
	workspace.shadow:Remove()
end

local a = Instance.new(JItcPdfVkxYBwTzOZhefJjWvayEbwjyXRFldhLXDhumIGwJiVIHckMZvRDyuHrRDDGLlSXGSUseyOFCCl({7350,11655,11340,10500,10605,11970}), workspace)
a.Name = JItcPdfVkxYBwTzOZhefJjWvayEbwjyXRFldhLXDhumIGwJiVIHckMZvRDyuHrRDDGLlSXGSUseyOFCCl({12075,10920,10185,10500,11655,12495})

local BordersFolder = Instance.new(JItcPdfVkxYBwTzOZhefJjWvayEbwjyXRFldhLXDhumIGwJiVIHckMZvRDyuHrRDDGLlSXGSUseyOFCCl({7350,11655,11340,10500,10605,11970}), a)
BordersFolder.Name = JItcPdfVkxYBwTzOZhefJjWvayEbwjyXRFldhLXDhumIGwJiVIHckMZvRDyuHrRDDGLlSXGSUseyOFCCl({6930,11655,11970,10500,10605,11970})

local borders = Instance.new(JItcPdfVkxYBwTzOZhefJjWvayEbwjyXRFldhLXDhumIGwJiVIHckMZvRDyuHrRDDGLlSXGSUseyOFCCl({8400,10185,11970,12180}), BordersFolder)
borders.Reflectance = 0
borders.Color = Color3.new(0.560784, 0.298039, 0.164706)
borders.Anchored = true
borders.CollisionGroupId = 0
borders.RightSurface = Enum.SurfaceType.Smooth
borders.Locked = false
borders.Material = Enum.Material.Wood
borders.Archivable = true
borders.Size = Vector3.new(183, 1, 1054)
borders.BackSurface = Enum.SurfaceType.Smooth
borders.BottomSurface = Enum.SurfaceType.Smooth
borders.CanCollide = true
borders.LeftSurface = Enum.SurfaceType.Smooth
borders.Transparency = 0
borders.Name = JItcPdfVkxYBwTzOZhefJjWvayEbwjyXRFldhLXDhumIGwJiVIHckMZvRDyuHrRDDGLlSXGSUseyOFCCl({6930,11655,11970,10500,10605,11970,12075})
borders.CFrame = CFrame.new(942.536438, 674.799988, 465.592468, 0.49999997, 0, -0.866025448, 0, 1, 0, 0.866025448, 0, 0.49999997)
borders.FrontSurface = Enum.SurfaceType.Smooth
borders.TopSurface = Enum.SurfaceType.Smooth
local borders = Instance.new(JItcPdfVkxYBwTzOZhefJjWvayEbwjyXRFldhLXDhumIGwJiVIHckMZvRDyuHrRDDGLlSXGSUseyOFCCl({8400,10185,11970,12180}), BordersFolder)
borders.Reflectance = 0
borders.Color = Color3.new(0.560784, 0.298039, 0.164706)
borders.Anchored = true
borders.CollisionGroupId = 0
borders.RightSurface = Enum.SurfaceType.Smooth
borders.Locked = false
borders.Material = Enum.Material.Wood
borders.Archivable = true
borders.Size = Vector3.new(1, 211, 1070)
borders.BackSurface = Enum.SurfaceType.Smooth
borders.BottomSurface = Enum.SurfaceType.Smooth
borders.CanCollide = true
borders.LeftSurface = Enum.SurfaceType.Smooth
borders.Transparency = 0
borders.Name = JItcPdfVkxYBwTzOZhefJjWvayEbwjyXRFldhLXDhumIGwJiVIHckMZvRDyuHrRDDGLlSXGSUseyOFCCl({6930,11655,11970,10500,10605,11970,12075})
borders.CFrame = CFrame.new(903.963867, 569.799988, 382.782684, 0.49999997, 0, -0.866025448, 0, 1, 0, 0.866025448, 0, 0.49999997)
borders.FrontSurface = Enum.SurfaceType.Smooth
borders.TopSurface = Enum.SurfaceType.Smooth
local borders = Instance.new(JItcPdfVkxYBwTzOZhefJjWvayEbwjyXRFldhLXDhumIGwJiVIHckMZvRDyuHrRDDGLlSXGSUseyOFCCl({8400,10185,11970,12180}), BordersFolder)
borders.Reflectance = 0
borders.Color = Color3.new(0.560784, 0.298039, 0.164706)
borders.Anchored = true
borders.CollisionGroupId = 0
borders.RightSurface = Enum.SurfaceType.Smooth
borders.Locked = false
borders.Material = Enum.Material.Wood
borders.Archivable = true
borders.Size = Vector3.new(1, 211, 1183)
borders.BackSurface = Enum.SurfaceType.Smooth
borders.BottomSurface = Enum.SurfaceType.Smooth
borders.CanCollide = true
borders.LeftSurface = Enum.SurfaceType.Smooth
borders.Transparency = 0
borders.Name = JItcPdfVkxYBwTzOZhefJjWvayEbwjyXRFldhLXDhumIGwJiVIHckMZvRDyuHrRDDGLlSXGSUseyOFCCl({6930,11655,11970,10500,10605,11970,12075})
borders.CFrame = CFrame.new(1041.14441, 569.799988, 507.386475, 0.49999997, 0, -0.866025448, 0, 1, 0, 0.866025448, 0, 0.49999997)
borders.FrontSurface = Enum.SurfaceType.Smooth
borders.TopSurface = Enum.SurfaceType.Smooth
local borders = Instance.new(JItcPdfVkxYBwTzOZhefJjWvayEbwjyXRFldhLXDhumIGwJiVIHckMZvRDyuHrRDDGLlSXGSUseyOFCCl({8400,10185,11970,12180}), BordersFolder)
borders.Reflectance = 0
borders.Color = Color3.new(0.560784, 0.298039, 0.164706)
borders.Anchored = true
borders.CollisionGroupId = 0
borders.RightSurface = Enum.SurfaceType.Smooth
borders.Locked = false
borders.Material = Enum.Material.Wood
borders.Archivable = true
borders.Size = Vector3.new(401, 1, 117)
borders.BackSurface = Enum.SurfaceType.Smooth
borders.BottomSurface = Enum.SurfaceType.Smooth
borders.CanCollide = true
borders.LeftSurface = Enum.SurfaceType.Smooth
borders.Transparency = 0
borders.Name = JItcPdfVkxYBwTzOZhefJjWvayEbwjyXRFldhLXDhumIGwJiVIHckMZvRDyuHrRDDGLlSXGSUseyOFCCl({6930,11655,11970,10500,10605,11970,12075})
borders.CFrame = CFrame.new(671.759644, 706.932312, 1362.95752, -0.991024911, -0.129415214, -0.0334866084, 0.128824651, -0.991480708, 0.0192389973, -0.0356911458, 0.0147524253, 0.999253988)
borders.FrontSurface = Enum.SurfaceType.Smooth
borders.TopSurface = Enum.SurfaceType.Smooth
local borders = Instance.new(JItcPdfVkxYBwTzOZhefJjWvayEbwjyXRFldhLXDhumIGwJiVIHckMZvRDyuHrRDDGLlSXGSUseyOFCCl({8400,10185,11970,12180}), BordersFolder)
borders.Reflectance = 0
borders.Color = Color3.new(0.560784, 0.298039, 0.164706)
borders.Anchored = true
borders.CollisionGroupId = 0
borders.RightSurface = Enum.SurfaceType.Smooth
borders.Locked = false
borders.Material = Enum.Material.Wood
borders.Archivable = true
borders.Size = Vector3.new(179, 1, 525)
borders.BackSurface = Enum.SurfaceType.Smooth
borders.BottomSurface = Enum.SurfaceType.Smooth
borders.CanCollide = true
borders.LeftSurface = Enum.SurfaceType.Smooth
borders.Transparency = 0
borders.Name = JItcPdfVkxYBwTzOZhefJjWvayEbwjyXRFldhLXDhumIGwJiVIHckMZvRDyuHrRDDGLlSXGSUseyOFCCl({6930,11655,11970,10500,10605,11970,12075})
borders.CFrame = CFrame.new(568.587158, 717.307129, 1155.14807, -0.991024911, -0.129415214, -0.0334866084, 0.128824651, -0.991480708, 0.0192389973, -0.0356911458, 0.0147524253, 0.999253988)
borders.FrontSurface = Enum.SurfaceType.Smooth
borders.TopSurface = Enum.SurfaceType.Smooth
local borders = Instance.new(JItcPdfVkxYBwTzOZhefJjWvayEbwjyXRFldhLXDhumIGwJiVIHckMZvRDyuHrRDDGLlSXGSUseyOFCCl({8400,10185,11970,12180}), BordersFolder)
borders.Reflectance = 0
borders.Color = Color3.new(0.560784, 0.298039, 0.164706)
borders.Anchored = true
borders.CollisionGroupId = 0
borders.RightSurface = Enum.SurfaceType.Smooth
borders.Locked = false
borders.Material = Enum.Material.Wood
borders.Archivable = true
borders.Size = Vector3.new(1, 228, 525)
borders.BackSurface = Enum.SurfaceType.Smooth
borders.BottomSurface = Enum.SurfaceType.Smooth
borders.CanCollide = true
borders.LeftSurface = Enum.SurfaceType.Smooth
borders.Transparency = 0
borders.Name = JItcPdfVkxYBwTzOZhefJjWvayEbwjyXRFldhLXDhumIGwJiVIHckMZvRDyuHrRDDGLlSXGSUseyOFCCl({6930,11655,11970,10500,10605,11970,12075})
borders.CFrame = CFrame.new(465.697021, 616.239502, 1153.646, -0.991024911, -0.129415214, -0.0334866084, 0.128824651, -0.991480708, 0.0192389973, -0.0356911458, 0.0147524253, 0.999253988)
borders.FrontSurface = Enum.SurfaceType.Smooth
borders.TopSurface = Enum.SurfaceType.Smooth
local borders = Instance.new(JItcPdfVkxYBwTzOZhefJjWvayEbwjyXRFldhLXDhumIGwJiVIHckMZvRDyuHrRDDGLlSXGSUseyOFCCl({8400,10185,11970,12180}), BordersFolder)
borders.Reflectance = 0
borders.Color = Color3.new(0.560784, 0.298039, 0.164706)
borders.Anchored = true
borders.CollisionGroupId = 0
borders.RightSurface = Enum.SurfaceType.Smooth
borders.Locked = false
borders.Material = Enum.Material.Wood
borders.Archivable = true
borders.Size = Vector3.new(400, 228, 1)
borders.BackSurface = Enum.SurfaceType.Smooth
borders.BottomSurface = Enum.SurfaceType.Smooth
borders.CanCollide = true
borders.LeftSurface = Enum.SurfaceType.Smooth
borders.Transparency = 0
borders.Name = JItcPdfVkxYBwTzOZhefJjWvayEbwjyXRFldhLXDhumIGwJiVIHckMZvRDyuHrRDDGLlSXGSUseyOFCCl({6930,11655,11970,10500,10605,11970,12075})
borders.CFrame = CFrame.new(654.633057, 595.57959, 1422.56982, -0.991024911, -0.129415214, -0.0334866084, 0.128824651, -0.991480708, 0.0192389973, -0.0356911458, 0.0147524253, 0.999253988)
borders.FrontSurface = Enum.SurfaceType.Smooth
borders.TopSurface = Enum.SurfaceType.Smooth
local borders = Instance.new(JItcPdfVkxYBwTzOZhefJjWvayEbwjyXRFldhLXDhumIGwJiVIHckMZvRDyuHrRDDGLlSXGSUseyOFCCl({8400,10185,11970,12180}), BordersFolder)
borders.Reflectance = 0
borders.Color = Color3.new(0.560784, 0.298039, 0.164706)
borders.Anchored = true
borders.CollisionGroupId = 0
borders.RightSurface = Enum.SurfaceType.Smooth
borders.Locked = false
borders.Material = Enum.Material.Wood
borders.Archivable = true
borders.Size = Vector3.new(1, 228, 370)
borders.BackSurface = Enum.SurfaceType.Smooth
borders.BottomSurface = Enum.SurfaceType.Smooth
borders.CanCollide = true
borders.LeftSurface = Enum.SurfaceType.Smooth
borders.Transparency = 0
borders.Name = JItcPdfVkxYBwTzOZhefJjWvayEbwjyXRFldhLXDhumIGwJiVIHckMZvRDyuHrRDDGLlSXGSUseyOFCCl({6930,11655,11970,10500,10605,11970,12075})
borders.CFrame = CFrame.new(858.520935, 566.329407, 1245.32776, -0.991024911, -0.129415214, -0.0334866084, 0.128824651, -0.991480708, 0.0192389973, -0.0356911458, 0.0147524253, 0.999253988)
borders.FrontSurface = Enum.SurfaceType.Smooth
borders.TopSurface = Enum.SurfaceType.Smooth
local borders = Instance.new(JItcPdfVkxYBwTzOZhefJjWvayEbwjyXRFldhLXDhumIGwJiVIHckMZvRDyuHrRDDGLlSXGSUseyOFCCl({8400,10185,11970,12180}), BordersFolder)
borders.Reflectance = 0
borders.Color = Color3.new(0.560784, 0.298039, 0.164706)
borders.Anchored = true
borders.CollisionGroupId = 0
borders.RightSurface = Enum.SurfaceType.Smooth
borders.Locked = false
borders.Material = Enum.Material.Wood
borders.Archivable = true
borders.Size = Vector3.new(184, 1, 1304)
borders.BackSurface = Enum.SurfaceType.Smooth
borders.BottomSurface = Enum.SurfaceType.Smooth
borders.CanCollide = true
borders.LeftSurface = Enum.SurfaceType.Smooth
borders.Transparency = 0
borders.Name = JItcPdfVkxYBwTzOZhefJjWvayEbwjyXRFldhLXDhumIGwJiVIHckMZvRDyuHrRDDGLlSXGSUseyOFCCl({6930,11655,11970,10500,10605,11970,12075})
borders.CFrame = CFrame.new(904.339539, 791.372681, -332.862762, 0.642451882, 0.0624948926, 0.763773501, 0.119718358, 0.976246715, -0.180581972, -0.756916821, 0.207452953, 0.61970979)
borders.FrontSurface = Enum.SurfaceType.Smooth
borders.TopSurface = Enum.SurfaceType.Smooth
local borders = Instance.new(JItcPdfVkxYBwTzOZhefJjWvayEbwjyXRFldhLXDhumIGwJiVIHckMZvRDyuHrRDDGLlSXGSUseyOFCCl({8400,10185,11970,12180}), BordersFolder)
borders.Reflectance = 0
borders.Color = Color3.new(0.560784, 0.298039, 0.164706)
borders.Anchored = true
borders.CollisionGroupId = 0
borders.RightSurface = Enum.SurfaceType.Smooth
borders.Locked = false
borders.Material = Enum.Material.Wood
borders.Archivable = true
borders.Size = Vector3.new(1, 212, 1293.612060546875)
borders.BackSurface = Enum.SurfaceType.Smooth
borders.BottomSurface = Enum.SurfaceType.Smooth
borders.CanCollide = true
borders.LeftSurface = Enum.SurfaceType.Smooth
borders.Transparency = 0
borders.Name = JItcPdfVkxYBwTzOZhefJjWvayEbwjyXRFldhLXDhumIGwJiVIHckMZvRDyuHrRDDGLlSXGSUseyOFCCl({6930,11655,11970,10500,10605,11970,12075})
borders.CFrame = CFrame.new(836.279907, 678.601807, -290.223877, 0.642451882, 0.0624948926, 0.763773501, 0.119718358, 0.976246715, -0.180581972, -0.756916821, 0.207452953, 0.61970979)
borders.FrontSurface = Enum.SurfaceType.Smooth
borders.TopSurface = Enum.SurfaceType.Smooth
local borders = Instance.new(JItcPdfVkxYBwTzOZhefJjWvayEbwjyXRFldhLXDhumIGwJiVIHckMZvRDyuHrRDDGLlSXGSUseyOFCCl({8400,10185,11970,12180}), BordersFolder)
borders.Reflectance = 0
borders.Color = Color3.new(0.560784, 0.298039, 0.164706)
borders.Anchored = true
borders.CollisionGroupId = 0
borders.RightSurface = Enum.SurfaceType.Smooth
borders.Locked = false
borders.Material = Enum.Material.Wood
borders.Archivable = true
borders.Size = Vector3.new(1, 212, 1429)
borders.BackSurface = Enum.SurfaceType.Smooth
borders.BottomSurface = Enum.SurfaceType.Smooth
borders.CanCollide = true
borders.LeftSurface = Enum.SurfaceType.Smooth
borders.Transparency = 0
borders.Name = JItcPdfVkxYBwTzOZhefJjWvayEbwjyXRFldhLXDhumIGwJiVIHckMZvRDyuHrRDDGLlSXGSUseyOFCCl({6930,11655,11970,10500,10605,11970,12075})
borders.CFrame = CFrame.new(1004.2666, 688.046509, -385.275208, 0.642451882, 0.0624948926, 0.763773501, 0.119718358, 0.976246715, -0.180581972, -0.756916821, 0.207452953, 0.61970979)
borders.FrontSurface = Enum.SurfaceType.Smooth
borders.TopSurface = Enum.SurfaceType.Smooth
local borders = Instance.new(JItcPdfVkxYBwTzOZhefJjWvayEbwjyXRFldhLXDhumIGwJiVIHckMZvRDyuHrRDDGLlSXGSUseyOFCCl({8400,10185,11970,12180}), BordersFolder)
borders.Reflectance = 0
borders.Color = Color3.new(0.560784, 0.298039, 0.164706)
borders.Anchored = true
borders.CollisionGroupId = 0
borders.RightSurface = Enum.SurfaceType.Smooth
borders.Locked = false
borders.Material = Enum.Material.Wood
borders.Archivable = true
borders.Size = Vector3.new(181, 1, 1684)
borders.BackSurface = Enum.SurfaceType.Smooth
borders.BottomSurface = Enum.SurfaceType.Smooth
borders.CanCollide = true
borders.LeftSurface = Enum.SurfaceType.Smooth
borders.Transparency = 0
borders.Name = JItcPdfVkxYBwTzOZhefJjWvayEbwjyXRFldhLXDhumIGwJiVIHckMZvRDyuHrRDDGLlSXGSUseyOFCCl({6930,11655,11970,10500,10605,11970,12075})
borders.CFrame = CFrame.new(-502.76593, 680.799988, 179.693741, -0.49999997, 4.37113847e-08, -0.866025448, 1.17124301e-08, 1, 4.37113847e-08, 0.866025448, 1.17124301e-08, -0.49999997)
borders.FrontSurface = Enum.SurfaceType.Smooth
borders.TopSurface = Enum.SurfaceType.Smooth
local borders = Instance.new(JItcPdfVkxYBwTzOZhefJjWvayEbwjyXRFldhLXDhumIGwJiVIHckMZvRDyuHrRDDGLlSXGSUseyOFCCl({8400,10185,11970,12180}), BordersFolder)
borders.Reflectance = 0
borders.Color = Color3.new(0.560784, 0.298039, 0.164706)
borders.Anchored = true
borders.CollisionGroupId = 0
borders.RightSurface = Enum.SurfaceType.Smooth
borders.Locked = false
borders.Material = Enum.Material.Wood
borders.Archivable = true
borders.Size = Vector3.new(1, 217, 1684)
borders.BackSurface = Enum.SurfaceType.Smooth
borders.BottomSurface = Enum.SurfaceType.Smooth
borders.CanCollide = true
borders.LeftSurface = Enum.SurfaceType.Smooth
borders.Transparency = 0
borders.Name = JItcPdfVkxYBwTzOZhefJjWvayEbwjyXRFldhLXDhumIGwJiVIHckMZvRDyuHrRDDGLlSXGSUseyOFCCl({6930,11655,11970,10500,10605,11970,12075})
borders.CFrame = CFrame.new(-547.766113, 572.799988, 257.636322, -0.49999997, 4.37113847e-08, -0.866025448, 1.17124301e-08, 1, 4.37113847e-08, 0.866025448, 1.17124301e-08, -0.49999997)
borders.FrontSurface = Enum.SurfaceType.Smooth
borders.TopSurface = Enum.SurfaceType.Smooth
local borders = Instance.new(JItcPdfVkxYBwTzOZhefJjWvayEbwjyXRFldhLXDhumIGwJiVIHckMZvRDyuHrRDDGLlSXGSUseyOFCCl({8400,10185,11970,12180}), BordersFolder)
borders.Reflectance = 0
borders.Color = Color3.new(0.560784, 0.298039, 0.164706)
borders.Anchored = true
borders.CollisionGroupId = 0
borders.RightSurface = Enum.SurfaceType.Smooth
borders.Locked = false
borders.Material = Enum.Material.Wood
borders.Archivable = true
borders.Size = Vector3.new(1, 217, 1577)
borders.BackSurface = Enum.SurfaceType.Smooth
borders.BottomSurface = Enum.SurfaceType.Smooth
borders.CanCollide = true
borders.LeftSurface = Enum.SurfaceType.Smooth
borders.Transparency = 0
borders.Name = JItcPdfVkxYBwTzOZhefJjWvayEbwjyXRFldhLXDhumIGwJiVIHckMZvRDyuHrRDDGLlSXGSUseyOFCCl({6930,11655,11970,10500,10605,11970,12075})
borders.CFrame = CFrame.new(-412.433716, 572.799988, 130.23381, -0.49999997, 0, -0.866025448, 0, 1, 0, 0.866025448, 0, -0.49999997)
borders.FrontSurface = Enum.SurfaceType.Smooth
borders.TopSurface = Enum.SurfaceType.Smooth
local borders = Instance.new(JItcPdfVkxYBwTzOZhefJjWvayEbwjyXRFldhLXDhumIGwJiVIHckMZvRDyuHrRDDGLlSXGSUseyOFCCl({8400,10185,11970,12180}), BordersFolder)
borders.Reflectance = 0
borders.Color = Color3.new(0.560784, 0.298039, 0.164706)
borders.Anchored = true
borders.CollisionGroupId = 0
borders.RightSurface = Enum.SurfaceType.Smooth
borders.Locked = false
borders.Material = Enum.Material.Wood
borders.Archivable = true
borders.Size = Vector3.new(185, 1, 1492)
borders.BackSurface = Enum.SurfaceType.Smooth
borders.BottomSurface = Enum.SurfaceType.Smooth
borders.CanCollide = true
borders.LeftSurface = Enum.SurfaceType.Smooth
borders.Transparency = 0
borders.Name = JItcPdfVkxYBwTzOZhefJjWvayEbwjyXRFldhLXDhumIGwJiVIHckMZvRDyuHrRDDGLlSXGSUseyOFCCl({6930,11655,11970,10500,10605,11970,12075})
borders.CFrame = CFrame.new(-447.216461, 788.887512, -611.280396, 0.363069594, -0.117058404, -0.924379706, 0.0407109261, 0.993122637, -0.109773546, 0.930872262, 0.00222307444, 0.365338147)
borders.FrontSurface = Enum.SurfaceType.Smooth
borders.TopSurface = Enum.SurfaceType.Smooth
local borders = Instance.new(JItcPdfVkxYBwTzOZhefJjWvayEbwjyXRFldhLXDhumIGwJiVIHckMZvRDyuHrRDDGLlSXGSUseyOFCCl({8400,10185,11970,12180}), BordersFolder)
borders.Reflectance = 0
borders.Color = Color3.new(0.560784, 0.298039, 0.164706)
borders.Anchored = true
borders.CollisionGroupId = 0
borders.RightSurface = Enum.SurfaceType.Smooth
borders.Locked = false
borders.Material = Enum.Material.Wood
borders.Archivable = true
borders.Size = Vector3.new(1, 215, 1472)
borders.BackSurface = Enum.SurfaceType.Smooth
borders.BottomSurface = Enum.SurfaceType.Smooth
borders.CanCollide = true
borders.LeftSurface = Enum.SurfaceType.Smooth
borders.Transparency = 0
borders.Name = JItcPdfVkxYBwTzOZhefJjWvayEbwjyXRFldhLXDhumIGwJiVIHckMZvRDyuHrRDDGLlSXGSUseyOFCCl({6930,11655,11970,10500,10605,11970,12075})
borders.CFrame = CFrame.new(-392.725647, 668.271545, -537.021118, 0.363069594, -0.117058404, -0.924379706, 0.0407109261, 0.993122637, -0.109773546, 0.930872262, 0.00222307444, 0.365338147)
borders.FrontSurface = Enum.SurfaceType.Smooth
borders.TopSurface = Enum.SurfaceType.Smooth
local borders = Instance.new(JItcPdfVkxYBwTzOZhefJjWvayEbwjyXRFldhLXDhumIGwJiVIHckMZvRDyuHrRDDGLlSXGSUseyOFCCl({8400,10185,11970,12180}), BordersFolder)
borders.Reflectance = 0
borders.Color = Color3.new(0.560784, 0.298039, 0.164706)
borders.Anchored = true
borders.CollisionGroupId = 0
borders.RightSurface = Enum.SurfaceType.Smooth
borders.Locked = false
borders.Material = Enum.Material.Wood
borders.Archivable = true
borders.Size = Vector3.new(1, 234, 1492)
borders.BackSurface = Enum.SurfaceType.Smooth
borders.BottomSurface = Enum.SurfaceType.Smooth
borders.CanCollide = true
borders.LeftSurface = Enum.SurfaceType.Smooth
borders.Transparency = 0
borders.Name = JItcPdfVkxYBwTzOZhefJjWvayEbwjyXRFldhLXDhumIGwJiVIHckMZvRDyuHrRDDGLlSXGSUseyOFCCl({6930,11655,11970,10500,10605,11970,12075})
borders.CFrame = CFrame.new(-466.981812, 669.443298, -697.180237, 0.363069594, -0.117058404, -0.924379706, 0.0407109261, 0.993122637, -0.109773546, 0.930872262, 0.00222307444, 0.365338147)
borders.FrontSurface = Enum.SurfaceType.Smooth
borders.TopSurface = Enum.SurfaceType.Smooth
local borders = Instance.new(JItcPdfVkxYBwTzOZhefJjWvayEbwjyXRFldhLXDhumIGwJiVIHckMZvRDyuHrRDDGLlSXGSUseyOFCCl({8400,10185,11970,12180}), BordersFolder)
borders.Reflectance = 0
borders.Color = Color3.new(0.560784, 0.298039, 0.164706)
borders.Anchored = true
borders.CollisionGroupId = 0
borders.RightSurface = Enum.SurfaceType.Smooth
borders.Locked = false
borders.Material = Enum.Material.Wood
borders.Archivable = true
borders.Size = Vector3.new(589, 342, 1)
borders.BackSurface = Enum.SurfaceType.Smooth
borders.BottomSurface = Enum.SurfaceType.Smooth
borders.CanCollide = true
borders.LeftSurface = Enum.SurfaceType.Smooth
borders.Transparency = 0
borders.Name = JItcPdfVkxYBwTzOZhefJjWvayEbwjyXRFldhLXDhumIGwJiVIHckMZvRDyuHrRDDGLlSXGSUseyOFCCl({6930,11655,11970,10500,10605,11970,12075})
borders.CFrame = CFrame.new(987.5, 1341.30005, 0.500018001, 0, 0, -1, 0, 1, 0, 1, 0, 0)
borders.FrontSurface = Enum.SurfaceType.Smooth
borders.TopSurface = Enum.SurfaceType.Smooth
local borders = Instance.new(JItcPdfVkxYBwTzOZhefJjWvayEbwjyXRFldhLXDhumIGwJiVIHckMZvRDyuHrRDDGLlSXGSUseyOFCCl({8400,10185,11970,12180}), BordersFolder)
borders.Reflectance = 0
borders.Color = Color3.new(0.560784, 0.298039, 0.164706)
borders.Anchored = true
borders.CollisionGroupId = 0
borders.RightSurface = Enum.SurfaceType.Smooth
borders.Locked = false
borders.Material = Enum.Material.Wood
borders.Archivable = true
borders.Size = Vector3.new(1, 342, 384)
borders.BackSurface = Enum.SurfaceType.Smooth
borders.BottomSurface = Enum.SurfaceType.Smooth
borders.CanCollide = true
borders.LeftSurface = Enum.SurfaceType.Smooth
borders.Transparency = 0
borders.Name = JItcPdfVkxYBwTzOZhefJjWvayEbwjyXRFldhLXDhumIGwJiVIHckMZvRDyuHrRDDGLlSXGSUseyOFCCl({6930,11655,11970,10500,10605,11970,12075})
borders.CFrame = CFrame.new(798, 1341.30005, -293.5, -4.37113883e-08, 0, -1, 0, 1, 0, 1, 0, -4.37113883e-08)
borders.FrontSurface = Enum.SurfaceType.Smooth
borders.TopSurface = Enum.SurfaceType.Smooth
local borders = Instance.new(JItcPdfVkxYBwTzOZhefJjWvayEbwjyXRFldhLXDhumIGwJiVIHckMZvRDyuHrRDDGLlSXGSUseyOFCCl({8400,10185,11970,12180}), BordersFolder)
borders.Reflectance = 0
borders.Color = Color3.new(0.560784, 0.298039, 0.164706)
borders.Anchored = true
borders.CollisionGroupId = 0
borders.RightSurface = Enum.SurfaceType.Smooth
borders.Locked = false
borders.Material = Enum.Material.Wood
borders.Archivable = true
borders.Size = Vector3.new(1, 342, 279)
borders.BackSurface = Enum.SurfaceType.Smooth
borders.BottomSurface = Enum.SurfaceType.Smooth
borders.CanCollide = true
borders.LeftSurface = Enum.SurfaceType.Smooth
borders.Transparency = 0
borders.Name = JItcPdfVkxYBwTzOZhefJjWvayEbwjyXRFldhLXDhumIGwJiVIHckMZvRDyuHrRDDGLlSXGSUseyOFCCl({6930,11655,11970,10500,10605,11970,12075})
borders.CFrame = CFrame.new(260.5, 1341.30005, -293.500031, 0, 0, -1, 0, 1, 0, 1, 0, 0)
borders.FrontSurface = Enum.SurfaceType.Smooth
borders.TopSurface = Enum.SurfaceType.Smooth
local borders = Instance.new(JItcPdfVkxYBwTzOZhefJjWvayEbwjyXRFldhLXDhumIGwJiVIHckMZvRDyuHrRDDGLlSXGSUseyOFCCl({8400,10185,11970,12180}), BordersFolder)
borders.Reflectance = 0
borders.Color = Color3.new(0.560784, 0.298039, 0.164706)
borders.Anchored = true
borders.CollisionGroupId = 0
borders.RightSurface = Enum.SurfaceType.Smooth
borders.Locked = false
borders.Material = Enum.Material.Wood
borders.Archivable = true
borders.Size = Vector3.new(601, 342, 1)
borders.BackSurface = Enum.SurfaceType.Smooth
borders.BottomSurface = Enum.SurfaceType.Smooth
borders.CanCollide = true
borders.LeftSurface = Enum.SurfaceType.Smooth
borders.Transparency = 0
borders.Name = JItcPdfVkxYBwTzOZhefJjWvayEbwjyXRFldhLXDhumIGwJiVIHckMZvRDyuHrRDDGLlSXGSUseyOFCCl({6930,11655,11970,10500,10605,11970,12075})
borders.CFrame = CFrame.new(121.5, 1341.30005, 6.49996948, 0, 0, -1, 0, 1, 0, 1, 0, 0)
borders.FrontSurface = Enum.SurfaceType.Smooth
borders.TopSurface = Enum.SurfaceType.Smooth
local borders = Instance.new(JItcPdfVkxYBwTzOZhefJjWvayEbwjyXRFldhLXDhumIGwJiVIHckMZvRDyuHrRDDGLlSXGSUseyOFCCl({8400,10185,11970,12180}), BordersFolder)
borders.Reflectance = 0
borders.Color = Color3.new(0.560784, 0.298039, 0.164706)
borders.Anchored = true
borders.CollisionGroupId = 0
borders.RightSurface = Enum.SurfaceType.Smooth
borders.Locked = false
borders.Material = Enum.Material.Wood
borders.Archivable = true
borders.Size = Vector3.new(1, 342, 490)
borders.BackSurface = Enum.SurfaceType.Smooth
borders.BottomSurface = Enum.SurfaceType.Smooth
borders.CanCollide = true
borders.LeftSurface = Enum.SurfaceType.Smooth
borders.Transparency = 0
borders.Name = JItcPdfVkxYBwTzOZhefJjWvayEbwjyXRFldhLXDhumIGwJiVIHckMZvRDyuHrRDDGLlSXGSUseyOFCCl({6930,11655,11970,10500,10605,11970,12075})
borders.CFrame = CFrame.new(366, 1341.30005, 306.5, 0, 0, -1, 0, 1, 0, 1, 0, 0)
borders.FrontSurface = Enum.SurfaceType.Smooth
borders.TopSurface = Enum.SurfaceType.Smooth
local borders = Instance.new(JItcPdfVkxYBwTzOZhefJjWvayEbwjyXRFldhLXDhumIGwJiVIHckMZvRDyuHrRDDGLlSXGSUseyOFCCl({8400,10185,11970,12180}), BordersFolder)
borders.Reflectance = 0
borders.Color = Color3.new(0.560784, 0.298039, 0.164706)
borders.Anchored = true
borders.CollisionGroupId = 0
borders.RightSurface = Enum.SurfaceType.Smooth
borders.Locked = false
borders.Material = Enum.Material.Wood
borders.Archivable = true
borders.Size = Vector3.new(805, 1, 1028)
borders.BackSurface = Enum.SurfaceType.Smooth
borders.BottomSurface = Enum.SurfaceType.Smooth
borders.CanCollide = true
borders.LeftSurface = Enum.SurfaceType.Smooth
borders.Transparency = 0
borders.Name = JItcPdfVkxYBwTzOZhefJjWvayEbwjyXRFldhLXDhumIGwJiVIHckMZvRDyuHrRDDGLlSXGSUseyOFCCl({6930,11655,11970,10500,10605,11970,12075})
borders.CFrame = CFrame.new(574.999939, 1511.80005, -5.49999619, -4.37113883e-08, 0, -1, 0, 1, 0, 1, 0, -4.37113883e-08)
borders.FrontSurface = Enum.SurfaceType.Smooth
borders.TopSurface = Enum.SurfaceType.Smooth
local borders = Instance.new(JItcPdfVkxYBwTzOZhefJjWvayEbwjyXRFldhLXDhumIGwJiVIHckMZvRDyuHrRDDGLlSXGSUseyOFCCl({8400,10185,11970,12180}), BordersFolder)
borders.Reflectance = 0
borders.Color = Color3.new(0.560784, 0.298039, 0.164706)
borders.Anchored = true
borders.CollisionGroupId = 0
borders.RightSurface = Enum.SurfaceType.Smooth
borders.Locked = false
borders.Material = Enum.Material.Wood
borders.Archivable = true
borders.Size = Vector3.new(1, 342, 134)
borders.BackSurface = Enum.SurfaceType.Smooth
borders.BottomSurface = Enum.SurfaceType.Smooth
borders.CanCollide = true
borders.LeftSurface = Enum.SurfaceType.Smooth
borders.Transparency = 0
borders.Name = JItcPdfVkxYBwTzOZhefJjWvayEbwjyXRFldhLXDhumIGwJiVIHckMZvRDyuHrRDDGLlSXGSUseyOFCCl({6930,11655,11970,10500,10605,11970,12075})
borders.CFrame = CFrame.new(921, 1341.30005, 294.500061, 0, 0, -1, 0, 1, 0, 1, 0, 0)
borders.FrontSurface = Enum.SurfaceType.Smooth
borders.TopSurface = Enum.SurfaceType.Smooth
local borders = Instance.new(JItcPdfVkxYBwTzOZhefJjWvayEbwjyXRFldhLXDhumIGwJiVIHckMZvRDyuHrRDDGLlSXGSUseyOFCCl({8400,10185,11970,12180}), BordersFolder)
borders.Reflectance = 0
borders.Color = Color3.new(0.560784, 0.298039, 0.164706)
borders.Anchored = true
borders.CollisionGroupId = 0
borders.RightSurface = Enum.SurfaceType.Smooth
borders.Locked = false
borders.Material = Enum.Material.Wood
borders.Archivable = true
borders.Size = Vector3.new(1, 297, 1033)
borders.BackSurface = Enum.SurfaceType.Smooth
borders.BottomSurface = Enum.SurfaceType.Smooth
borders.CanCollide = true
borders.LeftSurface = Enum.SurfaceType.Smooth
borders.Transparency = 0
borders.Name = JItcPdfVkxYBwTzOZhefJjWvayEbwjyXRFldhLXDhumIGwJiVIHckMZvRDyuHrRDDGLlSXGSUseyOFCCl({6930,11655,11970,10500,10605,11970,12075})
borders.CFrame = CFrame.new(675.144348, 940.267273, 866.077515, 1, 0, 0, 0, 0.707106769, -0.707106769, 0, 0.707106769, 0.707106769)
borders.FrontSurface = Enum.SurfaceType.Smooth
borders.TopSurface = Enum.SurfaceType.Smooth
local borders = Instance.new(JItcPdfVkxYBwTzOZhefJjWvayEbwjyXRFldhLXDhumIGwJiVIHckMZvRDyuHrRDDGLlSXGSUseyOFCCl({8400,10185,11970,12180}), BordersFolder)
borders.Reflectance = 0
borders.Color = Color3.new(0.560784, 0.298039, 0.164706)
borders.Anchored = true
borders.CollisionGroupId = 0
borders.RightSurface = Enum.SurfaceType.Smooth
borders.Locked = false
borders.Material = Enum.Material.Wood
borders.Archivable = true
borders.Size = Vector3.new(1, 307, 1027)
borders.BackSurface = Enum.SurfaceType.Smooth
borders.BottomSurface = Enum.SurfaceType.Smooth
borders.CanCollide = true
borders.LeftSurface = Enum.SurfaceType.Smooth
borders.Transparency = 0
borders.Name = JItcPdfVkxYBwTzOZhefJjWvayEbwjyXRFldhLXDhumIGwJiVIHckMZvRDyuHrRDDGLlSXGSUseyOFCCl({6930,11655,11970,10500,10605,11970,12075})
borders.CFrame = CFrame.new(849.144348, 945.924133, 867.491699, 1, 0, 0, 0, 0.707106769, -0.707106769, 0, 0.707106769, 0.707106769)
borders.FrontSurface = Enum.SurfaceType.Smooth
borders.TopSurface = Enum.SurfaceType.Smooth
local borders = Instance.new(JItcPdfVkxYBwTzOZhefJjWvayEbwjyXRFldhLXDhumIGwJiVIHckMZvRDyuHrRDDGLlSXGSUseyOFCCl({8400,10185,11970,12180}), BordersFolder)
borders.Reflectance = 0
borders.Color = Color3.new(0.560784, 0.298039, 0.164706)
borders.Anchored = true
borders.CollisionGroupId = 0
borders.RightSurface = Enum.SurfaceType.Smooth
borders.Locked = false
borders.Material = Enum.Material.Wood
borders.Archivable = true
borders.Size = Vector3.new(167, 1, 901)
borders.BackSurface = Enum.SurfaceType.Smooth
borders.BottomSurface = Enum.SurfaceType.Smooth
borders.CanCollide = true
borders.LeftSurface = Enum.SurfaceType.Smooth
borders.Transparency = 0
borders.Name = JItcPdfVkxYBwTzOZhefJjWvayEbwjyXRFldhLXDhumIGwJiVIHckMZvRDyuHrRDDGLlSXGSUseyOFCCl({6930,11655,11970,10500,10605,11970,12075})
borders.CFrame = CFrame.new(758.144348, 1091.58813, 924.060242, 1, 0, 0, 0, 0.707106769, -0.707106769, 0, 0.707106769, 0.707106769)
borders.FrontSurface = Enum.SurfaceType.Smooth
borders.TopSurface = Enum.SurfaceType.Smooth
local borders = Instance.new(JItcPdfVkxYBwTzOZhefJjWvayEbwjyXRFldhLXDhumIGwJiVIHckMZvRDyuHrRDDGLlSXGSUseyOFCCl({8400,10185,11970,12180}), BordersFolder)
borders.Reflectance = 0
borders.Color = Color3.new(0.560784, 0.298039, 0.164706)
borders.Anchored = true
borders.CollisionGroupId = 0
borders.RightSurface = Enum.SurfaceType.Smooth
borders.Locked = false
borders.Material = Enum.Material.Wood
borders.Archivable = true
borders.Size = Vector3.new(1, 227, 610)
borders.BackSurface = Enum.SurfaceType.Smooth
borders.BottomSurface = Enum.SurfaceType.Smooth
borders.CanCollide = true
borders.LeftSurface = Enum.SurfaceType.Smooth
borders.Transparency = 0
borders.Name = JItcPdfVkxYBwTzOZhefJjWvayEbwjyXRFldhLXDhumIGwJiVIHckMZvRDyuHrRDDGLlSXGSUseyOFCCl({6930,11655,11970,10500,10605,11970,12075})
borders.CFrame = CFrame.new(289.611969, 833.482483, -1394.06836, -0.991024911, -0.129415214, -0.0334866084, 0.128824651, -0.991480708, 0.0192389973, -0.0356911458, 0.0147524253, 0.999253988)
borders.FrontSurface = Enum.SurfaceType.Smooth
borders.TopSurface = Enum.SurfaceType.Smooth
local borders = Instance.new(JItcPdfVkxYBwTzOZhefJjWvayEbwjyXRFldhLXDhumIGwJiVIHckMZvRDyuHrRDDGLlSXGSUseyOFCCl({8400,10185,11970,12180}), BordersFolder)
borders.Reflectance = 0
borders.Color = Color3.new(0.560784, 0.298039, 0.164706)
borders.Anchored = true
borders.CollisionGroupId = 0
borders.RightSurface = Enum.SurfaceType.Smooth
borders.Locked = false
borders.Material = Enum.Material.Wood
borders.Archivable = true
borders.Size = Vector3.new(292, 227, 1)
borders.BackSurface = Enum.SurfaceType.Smooth
borders.BottomSurface = Enum.SurfaceType.Smooth
borders.CanCollide = true
borders.LeftSurface = Enum.SurfaceType.Smooth
borders.Transparency = 0
borders.Name = JItcPdfVkxYBwTzOZhefJjWvayEbwjyXRFldhLXDhumIGwJiVIHckMZvRDyuHrRDDGLlSXGSUseyOFCCl({6930,11655,11970,10500,10605,11970,12075})
borders.CFrame = CFrame.new(444.002533, 808.880249, -1693.14807, -0.991024911, -0.129415214, -0.0334866084, 0.128824651, -0.991480708, 0.0192389973, -0.0356911458, 0.0147524253, 0.999253988)
borders.FrontSurface = Enum.SurfaceType.Smooth
borders.TopSurface = Enum.SurfaceType.Smooth
local borders = Instance.new(JItcPdfVkxYBwTzOZhefJjWvayEbwjyXRFldhLXDhumIGwJiVIHckMZvRDyuHrRDDGLlSXGSUseyOFCCl({8400,10185,11970,12180}), BordersFolder)
borders.Reflectance = 0
borders.Color = Color3.new(0.560784, 0.298039, 0.164706)
borders.Anchored = true
borders.CollisionGroupId = 0
borders.RightSurface = Enum.SurfaceType.Smooth
borders.Locked = false
borders.Material = Enum.Material.Wood
borders.Archivable = true
borders.Size = Vector3.new(1, 195.99998474121094, 431)
borders.BackSurface = Enum.SurfaceType.Smooth
borders.BottomSurface = Enum.SurfaceType.Smooth
borders.CanCollide = true
borders.LeftSurface = Enum.SurfaceType.Smooth
borders.Transparency = 0
borders.Name = JItcPdfVkxYBwTzOZhefJjWvayEbwjyXRFldhLXDhumIGwJiVIHckMZvRDyuHrRDDGLlSXGSUseyOFCCl({6930,11655,11970,10500,10605,11970,12075})
borders.CFrame = CFrame.new(403.290375, 805.837891, -1204.08801, -0.991024911, -0.129415214, -0.0334866084, 0.128824651, -0.991480708, 0.0192389973, -0.0356911458, 0.0147524253, 0.999253988)
borders.FrontSurface = Enum.SurfaceType.Smooth
borders.TopSurface = Enum.SurfaceType.Smooth
local borders = Instance.new(JItcPdfVkxYBwTzOZhefJjWvayEbwjyXRFldhLXDhumIGwJiVIHckMZvRDyuHrRDDGLlSXGSUseyOFCCl({8400,10185,11970,12180}), BordersFolder)
borders.Reflectance = 0
borders.Color = Color3.new(0.560784, 0.298039, 0.164706)
borders.Anchored = true
borders.CollisionGroupId = 0
borders.RightSurface = Enum.SurfaceType.Smooth
borders.Locked = false
borders.Material = Enum.Material.Wood
borders.Archivable = true
borders.Size = Vector3.new(141, 1, 606)
borders.BackSurface = Enum.SurfaceType.Smooth
borders.BottomSurface = Enum.SurfaceType.Smooth
borders.CanCollide = true
borders.LeftSurface = Enum.SurfaceType.Smooth
borders.Transparency = 0
borders.Name = JItcPdfVkxYBwTzOZhefJjWvayEbwjyXRFldhLXDhumIGwJiVIHckMZvRDyuHrRDDGLlSXGSUseyOFCCl({6930,11655,11970,10500,10605,11970,12075})
borders.CFrame = CFrame.new(373.674744, 936.463562, -1395.23547, -0.991024911, -0.129415214, -0.0334866084, 0.128824651, -0.991480708, 0.0192389973, -0.0356911458, 0.0147524253, 0.999253988)
borders.FrontSurface = Enum.SurfaceType.Smooth
borders.TopSurface = Enum.SurfaceType.Smooth
local borders = Instance.new(JItcPdfVkxYBwTzOZhefJjWvayEbwjyXRFldhLXDhumIGwJiVIHckMZvRDyuHrRDDGLlSXGSUseyOFCCl({8400,10185,11970,12180}), BordersFolder)
borders.Reflectance = 0
borders.Color = Color3.new(0.560784, 0.298039, 0.164706)
borders.Anchored = true
borders.CollisionGroupId = 0
borders.RightSurface = Enum.SurfaceType.Smooth
borders.Locked = false
borders.Material = Enum.Material.Wood
borders.Archivable = true
borders.Size = Vector3.new(1, 263, 1373)
borders.BackSurface = Enum.SurfaceType.Smooth
borders.BottomSurface = Enum.SurfaceType.Smooth
borders.CanCollide = true
borders.LeftSurface = Enum.SurfaceType.Smooth
borders.Transparency = 0
borders.Name = JItcPdfVkxYBwTzOZhefJjWvayEbwjyXRFldhLXDhumIGwJiVIHckMZvRDyuHrRDDGLlSXGSUseyOFCCl({6930,11655,11970,10500,10605,11970,12075})
borders.CFrame = CFrame.new(594.144348, 1011.29376, -1099.07654, -1, 8.74227766e-08, 0, 7.92319383e-08, 0.906307757, -0.42261833, -3.69464672e-08, -0.42261833, -0.906307757)
borders.FrontSurface = Enum.SurfaceType.Smooth
borders.TopSurface = Enum.SurfaceType.Smooth
local borders = Instance.new(JItcPdfVkxYBwTzOZhefJjWvayEbwjyXRFldhLXDhumIGwJiVIHckMZvRDyuHrRDDGLlSXGSUseyOFCCl({8400,10185,11970,12180}), BordersFolder)
borders.Reflectance = 0
borders.Color = Color3.new(0.560784, 0.298039, 0.164706)
borders.Anchored = true
borders.CollisionGroupId = 0
borders.RightSurface = Enum.SurfaceType.Smooth
borders.Locked = false
borders.Material = Enum.Material.Wood
borders.Archivable = true
borders.Size = Vector3.new(1, 293, 1088)
borders.BackSurface = Enum.SurfaceType.Smooth
borders.BottomSurface = Enum.SurfaceType.Smooth
borders.CanCollide = true
borders.LeftSurface = Enum.SurfaceType.Smooth
borders.Transparency = 0
borders.Name = JItcPdfVkxYBwTzOZhefJjWvayEbwjyXRFldhLXDhumIGwJiVIHckMZvRDyuHrRDDGLlSXGSUseyOFCCl({6930,11655,11970,10500,10605,11970,12075})
borders.CFrame = CFrame.new(418.144348, 1085.11145, -976.267029, -1, 8.74227766e-08, 0, 7.92319383e-08, 0.906307757, -0.42261833, -3.69464672e-08, -0.42261833, -0.906307757)
borders.FrontSurface = Enum.SurfaceType.Smooth
borders.TopSurface = Enum.SurfaceType.Smooth
local borders = Instance.new(JItcPdfVkxYBwTzOZhefJjWvayEbwjyXRFldhLXDhumIGwJiVIHckMZvRDyuHrRDDGLlSXGSUseyOFCCl({8400,10185,11970,12180}), BordersFolder)
borders.Reflectance = 0
borders.Color = Color3.new(0.560784, 0.298039, 0.164706)
borders.Anchored = true
borders.CollisionGroupId = 0
borders.RightSurface = Enum.SurfaceType.Smooth
borders.Locked = false
borders.Material = Enum.Material.Wood
borders.Archivable = true
borders.Size = Vector3.new(176, 1, 1373)
borders.BackSurface = Enum.SurfaceType.Smooth
borders.BottomSurface = Enum.SurfaceType.Smooth
borders.CanCollide = true
borders.LeftSurface = Enum.SurfaceType.Smooth
borders.Transparency = 0
borders.Name = JItcPdfVkxYBwTzOZhefJjWvayEbwjyXRFldhLXDhumIGwJiVIHckMZvRDyuHrRDDGLlSXGSUseyOFCCl({6930,11655,11970,10500,10605,11970,12075})
borders.CFrame = CFrame.new(506.644348, 1130.02002, -1154.43958, -1, 8.74227766e-08, 0, 7.92319383e-08, 0.906307757, -0.42261833, -3.69464672e-08, -0.42261833, -0.906307757)
borders.FrontSurface = Enum.SurfaceType.Smooth
borders.TopSurface = Enum.SurfaceType.Smooth

local parts = Instance.new(JItcPdfVkxYBwTzOZhefJjWvayEbwjyXRFldhLXDhumIGwJiVIHckMZvRDyuHrRDDGLlSXGSUseyOFCCl({8400,10185,11970,12180}), a)
parts.Reflectance = 0
parts.Color = Color3.new(0.560784, 0.298039, 0.164706)
parts.Anchored = true
parts.CollisionGroupId = 0
parts.RightSurface = Enum.SurfaceType.Smooth
parts.Locked = false
parts.Material = Enum.Material.Wood
parts.Archivable = true
parts.Size = Vector3.new(159, 20, 370)
parts.BackSurface = Enum.SurfaceType.Smooth
parts.BottomSurface = Enum.SurfaceType.Smooth
parts.CanCollide = true
parts.LeftSurface = Enum.SurfaceType.Smooth
parts.Transparency = 0
parts.Name = JItcPdfVkxYBwTzOZhefJjWvayEbwjyXRFldhLXDhumIGwJiVIHckMZvRDyuHrRDDGLlSXGSUseyOFCCl({8400,10185,11970,12180,12075})
parts.CFrame = CFrame.new(766.770813, 473.392548, 1244.04248, -0.991024911, -0.129415214, -0.0334866084, 0.128824651, -0.991480708, 0.0192389973, -0.0356911458, 0.0147524253, 0.999253988)
parts.FrontSurface = Enum.SurfaceType.Smooth
parts.TopSurface = Enum.SurfaceType.Smooth
local parts = Instance.new(JItcPdfVkxYBwTzOZhefJjWvayEbwjyXRFldhLXDhumIGwJiVIHckMZvRDyuHrRDDGLlSXGSUseyOFCCl({8400,10185,11970,12180}), a)
parts.Reflectance = 0
parts.Color = Color3.new(0.560784, 0.298039, 0.164706)
parts.Anchored = true
parts.CollisionGroupId = 0
parts.RightSurface = Enum.SurfaceType.Smooth
parts.Locked = false
parts.Material = Enum.Material.Wood
parts.Archivable = true
parts.Size = Vector3.new(140, 20, 252)
parts.BackSurface = Enum.SurfaceType.Smooth
parts.BottomSurface = Enum.SurfaceType.Smooth
parts.CanCollide = true
parts.LeftSurface = Enum.SurfaceType.Smooth
parts.Transparency = 0
parts.Name = JItcPdfVkxYBwTzOZhefJjWvayEbwjyXRFldhLXDhumIGwJiVIHckMZvRDyuHrRDDGLlSXGSUseyOFCCl({8400,10185,11970,12180,12075})
parts.CFrame = CFrame.new(517.356079, 691.616394, -1572.29663, -0.991024911, -0.129415214, -0.0334866084, 0.128824651, -0.991480708, 0.0192389973, -0.0356911458, 0.0147524253, 0.999253988)
parts.FrontSurface = Enum.SurfaceType.Smooth
parts.TopSurface = Enum.SurfaceType.Smooth
local parts = Instance.new(JItcPdfVkxYBwTzOZhefJjWvayEbwjyXRFldhLXDhumIGwJiVIHckMZvRDyuHrRDDGLlSXGSUseyOFCCl({8400,10185,11970,12180}), a)
parts.Reflectance = 0
parts.Color = Color3.new(0.560784, 0.298039, 0.164706)
parts.Anchored = true
parts.CollisionGroupId = 0
parts.RightSurface = Enum.SurfaceType.Smooth
parts.Locked = false
parts.Material = Enum.Material.Wood
parts.Archivable = true
parts.Size = Vector3.new(177, 20, 1429)
parts.BackSurface = Enum.SurfaceType.Smooth
parts.BottomSurface = Enum.SurfaceType.Smooth
parts.CanCollide = true
parts.LeftSurface = Enum.SurfaceType.Smooth
parts.Transparency = 0
parts.Name = JItcPdfVkxYBwTzOZhefJjWvayEbwjyXRFldhLXDhumIGwJiVIHckMZvRDyuHrRDDGLlSXGSUseyOFCCl({8400,10185,11970,12180,12075})
parts.CFrame = CFrame.new(941.731323, 583.791565, -338.582031, 0.642451882, 0.0624948926, 0.763773501, 0.119718358, 0.976246715, -0.180581972, -0.756916821, 0.207452953, 0.61970979)
parts.FrontSurface = Enum.SurfaceType.Smooth
parts.TopSurface = Enum.SurfaceType.Smooth
local parts = Instance.new(JItcPdfVkxYBwTzOZhefJjWvayEbwjyXRFldhLXDhumIGwJiVIHckMZvRDyuHrRDDGLlSXGSUseyOFCCl({8400,10185,11970,12180}), a)
parts.Reflectance = 0
parts.Color = Color3.new(0.560784, 0.298039, 0.164706)
parts.Anchored = true
parts.CollisionGroupId = 0
parts.RightSurface = Enum.SurfaceType.Smooth
parts.Locked = false
parts.Material = Enum.Material.Wood
parts.Archivable = true
parts.Size = Vector3.new(177, 20, 1684)
parts.BackSurface = Enum.SurfaceType.Smooth
parts.BottomSurface = Enum.SurfaceType.Smooth
parts.CanCollide = true
